v3.0 hex words addressed
000: 0110 0110 0110 0110 0244 0244 0244 0244 0000 0000 0000 0000 0000 0000 0000 0000
010: 0000 0000 0000 0000 0000 0000 0000 0000 0000 0000 0000 0000 0000 0000 0000 0000
020: 0110 0110 0110 0110 0244 0244 0244 0244 0030 0030 0030 0030 8004 8004 8004 8004
030: 0000 0000 0000 0000 0000 0000 0000 0000 0000 0000 0000 0000 0000 0000 0000 0000
040: 0110 0110 0110 0110 0244 0244 0244 0244 0030 0030 0030 0030 2004 2004 2004 2004
050: 9400 9400 9400 9400 0000 0000 0000 0000 0000 0000 0000 0000 0000 0000 0000 0000
060: 0110 0110 0110 0110 0244 0244 0244 0244 0030 0030 0030 0030 2004 2004 2004 2004
070: 9c00 9c00 9c00 9c00 0000 0000 0000 0000 0000 0000 0000 0000 0000 0000 0000 0000
080: 0110 0110 0110 0110 0244 0244 0244 0244 0030 0030 0030 0030 4008 4008 4008 4008
090: 0000 0000 0000 0000 0000 0000 0000 0000 0000 0000 0000 0000 0000 0000 0000 0000
0a0: 0110 0110 0110 0110 0244 0244 0244 0244 8020 8020 8020 8020 0000 0000 0000 0000
0b0: 0000 0000 0000 0000 0000 0000 0000 0000 0000 0000 0000 0000 0000 0000 0000 0000
0c0: 0110 0110 0110 0110 0244 0244 0244 0244 00a0 00a0 00a0 00a0 0000 0000 0000 0000
0d0: 0000 0000 0000 0000 0000 0000 0000 0000 0000 0000 0000 0000 0000 0000 0000 0000
0e0: 0110 0110 0110 0110 0244 0244 0244 0244 0000 0000 00a0 00a0 0000 0000 0000 0000
0f0: 0000 0000 0000 0000 0000 0000 0000 0000 0000 0000 0000 0000 0000 0000 0000 0000
100: 0110 0110 0110 0110 0244 0244 0244 0244 0000 00a0 0000 00a0 0000 0000 0000 0000
110: 0000 0000 0000 0000 0000 0000 0000 0000 0000 0000 0000 0000 0000 0000 0000 0000
120: 0110 0110 0110 0110 0244 0244 0244 0244 0000 0000 0000 0000 0000 0000 0000 0000
130: 0000 0000 0000 0000 0000 0000 0000 0000 0000 0000 0000 0000 0000 0000 0000 0000
140: 0110 0110 0110 0110 0244 0244 0244 0244 0000 0000 0000 0000 0000 0000 0000 0000
150: 0000 0000 0000 0000 0000 0000 0000 0000 0000 0000 0000 0000 0000 0000 0000 0000
160: 0110 0110 0110 0110 0244 0244 0244 0244 0000 0000 0000 0000 0000 0000 0000 0000
170: 0000 0000 0000 0000 0000 0000 0000 0000 0000 0000 0000 0000 0000 0000 0000 0000
180: 0110 0110 0110 0110 0244 0244 0244 0244 0000 0000 0000 0000 0000 0000 0000 0000
190: 0000 0000 0000 0000 0000 0000 0000 0000 0000 0000 0000 0000 0000 0000 0000 0000
1a0: 0110 0110 0110 0110 0244 0244 0244 0244 0000 0000 0000 0000 0000 0000 0000 0000
1b0: 0000 0000 0000 0000 0000 0000 0000 0000 0000 0000 0000 0000 0000 0000 0000 0000
1c0: 0110 0110 0110 0110 0244 0244 0244 0244 4002 4002 4002 4002 0000 0000 0000 0000
1d0: 0000 0000 0000 0000 0000 0000 0000 0000 0000 0000 0000 0000 0000 0000 0000 0000
1e0: 0110 0110 0110 0110 0244 0244 0244 0244 0001 0001 0001 0001 0000 0000 0000 0000
1f0: 0000 0000 0000 0000 0000 0000 0000 0000 0000 0000 0000 0000 0000 0000 0000 0000
