v3.0 hex words addressed
000: 0110 0110 0110 0110 0244 0244 0244 0244 0000 0000 0000 0000 0000 0000 0000 0000
010: 0000 0000 0000 0000 0000 0000 0000 0000 0000 0000 0000 0000 0000 0000 0000 0000
020: 0110 0110 0110 0110 0244 0244 0244 0244 0000 0000 0000 0000 0000 0000 0000 0000
030: 0000 0000 0000 0000 0000 0000 0000 0000 0000 0000 0000 0000 0000 0000 0000 0000
040: 0110 0110 0110 0110 0244 0244 0244 0244 0000 0000 0000 0000 0000 0000 0000 0000
050: 0000 0000 0000 0000 0000 0000 0000 0000 0000 0000 0000 0000 0000 0000 0000 0000
060: 0110 0110 0110 0110 0244 0244 0244 0244 0000 0000 0000 0000 0000 0000 0000 0000
070: 0000 0000 0000 0000 0000 0000 0000 0000 0000 0000 0000 0000 0000 0000 0000 0000
080: 0110 0110 0110 0110 0244 0244 0244 0244 0000 0000 0000 0000 0000 0000 0000 0000
090: 0000 0000 0000 0000 0000 0000 0000 0000 0000 0000 0000 0000 0000 0000 0000 0000
0a0: 0110 0110 0110 0110 0244 0244 0244 0244 0000 0000 0000 0000 0000 0000 0000 0000
0b0: 0000 0000 0000 0000 0000 0000 0000 0000 0000 0000 0000 0000 0000 0000 0000 0000
0c0: 0110 0110 0110 0110 0244 0244 0244 0244 0000 0000 0000 0000 0000 0000 0000 0000
0d0: 0000 0000 0000 0000 0000 0000 0000 0000 0000 0000 0000 0000 0000 0000 0000 0000
0e0: 0110 0110 0110 0110 0244 0244 0244 0244 0000 0000 0000 0000 0000 0000 0000 0000
0f0: 0000 0000 0000 0000 0000 0000 0000 0000 0000 0000 0000 0000 0000 0000 0000 0000
100: 0110 0110 0110 0110 0244 0244 0244 0244 0000 0000 0000 0000 0000 0000 0000 0000
110: 0000 0000 0000 0000 0000 0000 0000 0000 0000 0000 0000 0000 0000 0000 0000 0000
120: 0110 0110 0110 0110 0244 0244 0244 0244 0000 0000 0000 0000 0000 0000 0000 0000
130: 0000 0000 0000 0000 0000 0000 0000 0000 0000 0000 0000 0000 0000 0000 0000 0000
140: 0110 0110 0110 0110 0244 0244 0244 0244 0000 0000 0000 0000 0000 0000 0000 0000
150: 0000 0000 0000 0000 0000 0000 0000 0000 0000 0000 0000 0000 0000 0000 0000 0000
160: 0110 0110 0110 0110 0244 0244 0244 0244 0000 0000 0000 0000 0000 0000 0000 0000
170: 0000 0000 0000 0000 0000 0000 0000 0000 0000 0000 0000 0000 0000 0000 0000 0000
180: 0110 0110 0110 0110 0244 0244 0244 0244 0000 0000 0000 0000 0000 0000 0000 0000
190: 0000 0000 0000 0000 0000 0000 0000 0000 0000 0000 0000 0000 0000 0000 0000 0000
1a0: 0110 0110 0110 0110 0244 0244 0244 0244 0000 0000 0000 0000 0000 0000 0000 0000
1b0: 0000 0000 0000 0000 0000 0000 0000 0000 0000 0000 0000 0000 0000 0000 0000 0000
1c0: 0110 0110 0110 0110 0244 0244 0244 0244 0000 0000 0000 0000 0000 0000 0000 0000
1d0: 0000 0000 0000 0000 0000 0000 0000 0000 0000 0000 0000 0000 0000 0000 0000 0000
1e0: 0110 0110 0110 0110 0244 0244 0244 0244 0000 0000 0000 0000 0000 0000 0000 0000
1f0: 0000 0000 0000 0000 0000 0000 0000 0000 0000 0000 0000 0000 0000 0000 0000 0000
